X = [
3, 3, 5, 5;
3, 3, 6, 7;
2, 2, 6, 6;
3, 2, 6, 5;
]

H = [
1, 1, 1, 1;
1, 1, -1, -1;
1, -1, -1, 1;
1, -1, 1, -1;
]

Y1 = H * X * H;

X1 = H * Y1 * H / (4*4);

Y1
X1
